
Round: 0
00000000
00000000
00000000
00000000
00000000
00000000
00000000
00000000

Valid moves for 1:
3, 3
3, 4
4, 3
4, 4

Player 1: 4, 3

After move by Player 1
00000000
00000000
00000000
00010000
00000000
00000000
00000000
00000000


Round: 1
00000000
00000000
00000000
00010000
00000000
00000000
00000000
00000000

Valid moves for 2:
3, 3
3, 4
4, 4

Player 2: 3, 3

After move by Player 2
00000000
00000000
00000000
00010000
00020000
00000000
00000000
00000000


Round: 2
00000000
00000000
00000000
00010000
00020000
00000000
00000000
00000000

Valid moves for 1:
3, 4
4, 4

Player 1: 4, 4

After move by Player 1
00000000
00000000
00000000
00011000
00020000
00000000
00000000
00000000


Round: 3
00000000
00000000
00000000
00011000
00020000
00000000
00000000
00000000

Valid moves for 2:
3, 4

Player 2: 3, 4

After move by Player 2
00000000
00000000
00000000
00011000
00022000
00000000
00000000
00000000


Round: 4
00000000
00000000
00000000
00011000
00022000
00000000
00000000
00000000

Valid moves for 1:
2, 2
2, 3
2, 4
2, 5

Player 1: 2, 4

After move by Player 1
00000000
00000000
00000000
00011000
00021000
00001000
00000000
00000000


Round: 5
00000000
00000000
00000000
00011000
00021000
00001000
00000000
00000000

Valid moves for 2:
1, 5
3, 5
5, 3
5, 5

Player 2: 1, 5

After move by Player 2
00000000
00000000
00000000
00011000
00021000
00002000
00000200
00000000


Round: 6
00000000
00000000
00000000
00011000
00021000
00002000
00000200
00000000

Valid moves for 1:
1, 4
2, 2
2, 3
3, 2

Player 1: 2, 2

After move by Player 1
00000000
00000000
00000000
00011000
00011000
00102000
00000200
00000000


Round: 7
00000000
00000000
00000000
00011000
00011000
00102000
00000200
00000000

Valid moves for 2:
4, 2
5, 4

Player 2: 4, 2

After move by Player 2
00000000
00000000
00000000
00211000
00021000
00102000
00000200
00000000


Round: 8
00000000
00000000
00000000
00211000
00021000
00102000
00000200
00000000

Valid moves for 1:
1, 4
2, 3
3, 2
4, 1

Player 1: 3, 2

After move by Player 1
00000000
00000000
00000000
00211000
00111000
00102000
00000200
00000000


Round: 9
00000000
00000000
00000000
00211000
00111000
00102000
00000200
00000000

Valid moves for 2:
1, 2
4, 5
5, 4

Player 2: 1, 2

After move by Player 2
00000000
00000000
00000000
00211000
00211000
00202000
00200200
00000000


Round: 10
00000000
00000000
00000000
00211000
00211000
00202000
00200200
00000000

Valid moves for 1:
0, 6
1, 1
1, 4
2, 1
3, 1
4, 1
5, 1

Player 1: 2, 1

After move by Player 1
00000000
00000000
00000000
00211000
00111000
01202000
00200200
00000000


Round: 11
00000000
00000000
00000000
00211000
00111000
01202000
00200200
00000000

Valid moves for 2:
2, 0
3, 0
4, 5
5, 4
5, 5

Player 2: 2, 0

After move by Player 2
00000000
00000000
00000000
00211000
00111000
22202000
00200200
00000000


Round: 12
00000000
00000000
00000000
00211000
00111000
22202000
00200200
00000000

Valid moves for 1:
0, 2
0, 6
1, 0
1, 1
1, 4
4, 1
5, 1
5, 2

Player 1: 5, 1

After move by Player 1
00000000
00000000
01000000
00111000
00111000
22202000
00200200
00000000


Round: 13
00000000
00000000
01000000
00111000
00111000
22202000
00200200
00000000

Valid moves for 2:
5, 2
5, 4
5, 5
6, 0

Player 2: 5, 2

After move by Player 2
00000000
00000000
01200000
00211000
00211000
22202000
00200200
00000000


Round: 14
00000000
00000000
01200000
00211000
00211000
22202000
00200200
00000000

Valid moves for 1:
0, 6
1, 0
1, 1
1, 4
3, 1
4, 1
5, 3
6, 1

Player 1: 3, 1

After move by Player 1
00000000
00000000
01200000
00211000
01111000
22202000
00200200
00000000


Round: 15
00000000
00000000
01200000
00211000
01111000
22202000
00200200
00000000

Valid moves for 2:
2, 5
4, 0
4, 1
4, 5
5, 0
5, 4
5, 5
6, 0

Player 2: 2, 5

After move by Player 2
00000000
00000000
01200000
00221000
01112000
22202200
00200200
00000000


Round: 16
00000000
00000000
01200000
00221000
01112000
22202200
00200200
00000000

Valid moves for 1:
0, 2
0, 6
1, 0
1, 1
1, 3
1, 4
3, 5
4, 1
5, 3
5, 4
6, 2

Player 1: 1, 1

After move by Player 1
00000000
00000000
01200000
00221000
01112000
21102200
01200200
00000000


Round: 17
00000000
00000000
01200000
00221000
01112000
21102200
01200200
00000000

Valid moves for 2:
0, 2
1, 0
2, 3
3, 0
4, 5
5, 0
5, 4
6, 0

Player 2: 0, 2

After move by Player 2
00000000
00000000
01200000
00221000
01112000
21102200
02200200
00200000


Round: 18
00000000
00000000
01200000
00221000
01112000
21102200
02200200
00200000

Valid moves for 1:
0, 0
0, 1
0, 3
0, 6
1, 4
3, 5
4, 1
5, 3
5, 4
6, 2

Player 1: 1, 4

After move by Player 1
00000000
00000000
01200000
00221000
01111000
21101200
02201200
00200000


Round: 19
00000000
00000000
01200000
00221000
01111000
21101200
02201200
00200000

Valid moves for 2:
0, 3
1, 0
1, 3
2, 3
3, 0
4, 1
4, 5
5, 0
5, 5
6, 0

Player 2: 0, 3

After move by Player 2
00000000
00000000
01200000
00221000
01111000
21101200
02202200
00220000


Round: 20
00000000
00000000
01200000
00221000
01111000
21101200
02202200
00220000

Valid moves for 1:
0, 0
0, 1
0, 4
0, 6
1, 6
2, 6
4, 1
5, 3
5, 4
6, 1
6, 2

Player 1: 5, 4

After move by Player 1
00000000
00000000
01201000
00211000
01111000
21101200
02202200
00220000


Round: 21
00000000
00000000
01201000
00211000
01111000
21101200
02202200
00220000

Valid moves for 2:
2, 3
3, 0
4, 1
4, 5
5, 0
5, 5
6, 0
6, 4

Player 2: 2, 3

After move by Player 2
00000000
00000000
01201000
00211000
01111000
22222200
02202200
00220000


Round: 22
00000000
00000000
01201000
00211000
01111000
22222200
02202200
00220000

Valid moves for 1:
0, 0
0, 1
0, 4
0, 5
0, 6
1, 0
1, 3
1, 6
4, 1
5, 3
6, 1
6, 2

Player 1: 0, 6

After move by Player 1
00000000
00000000
01201000
00211000
01111000
22221200
02202100
00220010


Round: 23
00000000
00000000
01201000
00211000
01111000
22221200
02202100
00220010

Valid moves for 2:
0, 5
1, 6
4, 0
4, 1
4, 5
5, 0
5, 3
5, 5
6, 0
6, 4
6, 5

Player 2: 0, 5

After move by Player 2
00000000
00000000
01201000
00211000
01111000
22221200
02202200
00220210


Round: 24
00000000
00000000
01201000
00211000
01111000
22221200
02202200
00220210

Valid moves for 1:
0, 0
0, 1
0, 4
1, 0
1, 3
1, 6
2, 6
4, 1
5, 3
6, 1
6, 2

Player 1: 6, 2

After move by Player 1
00000000
00100000
01101000
00111000
01111000
22221200
02202200
00220210


Round: 25
00000000
00100000
01101000
00111000
01111000
22221200
02202200
00220210

Valid moves for 2:
0, 7
4, 0
4, 1
4, 5
5, 3
5, 5
6, 0
6, 1
6, 4
6, 5
7, 2

Player 2: 0, 7

After move by Player 2
00000000
00100000
01101000
00111000
01111000
22221200
02202200
00220222


Round: 26
00000000
00100000
01101000
00111000
01111000
22221200
02202200
00220222

Valid moves for 1:
0, 0
0, 1
0, 4
1, 0
1, 3
1, 6
2, 6

Player 1: 0, 1

After move by Player 1
00000000
00100000
01101000
00111000
01111000
21211200
01102200
01220222


Round: 27
00000000
00100000
01101000
00111000
01111000
21211200
01102200
01220222

Valid moves for 2:
0, 0
3, 0
4, 0
4, 1
5, 3
5, 5
6, 0
6, 1
6, 4
7, 2

Player 2: 0, 0

After move by Player 2
00000000
00100000
01101000
00111000
01111000
21211200
02102200
22220222


Round: 28
00000000
00100000
01101000
00111000
01111000
21211200
02102200
22220222

Valid moves for 1:
0, 4
1, 0
1, 3
1, 6
2, 6

Player 1: 1, 0

After move by Player 1
00000000
00100000
01101000
00111000
01111000
21211200
11102200
22220222


Round: 29
00000000
00100000
01101000
00111000
01111000
21211200
11102200
22220222

Valid moves for 2:
3, 0
4, 0
4, 1
4, 5
5, 3
5, 5
6, 0
6, 1
6, 4
7, 2

Player 2: 3, 0

After move by Player 2
00000000
00100000
01101000
00111000
21111000
22211200
11202200
22220222


Round: 30
00000000
00100000
01101000
00111000
21111000
22211200
11202200
22220222

Valid moves for 1:
0, 4
1, 3
1, 6
2, 6
4, 0

Player 1: 1, 6

After move by Player 1
00000000
00100000
01101000
00111000
21111000
22211100
11202210
22220222


Round: 31
00000000
00100000
01101000
00111000
21111000
22211100
11202210
22220222

Valid moves for 2:
1, 7
2, 6
2, 7
3, 5
3, 6
4, 0
4, 1
4, 5
5, 3
5, 5
6, 0
6, 1
6, 4
6, 5
7, 2

Player 2: 1, 7

After move by Player 2
00000000
00100000
01101000
00111000
21111000
22211100
11202222
22220222


Round: 32
00000000
00100000
01101000
00111000
21111000
22211100
11202222
22220222

Valid moves for 1:
0, 4
1, 3
4, 0

Player 1: 4, 0

After move by Player 1
00000000
00100000
01101000
10111000
11111000
12211100
11202222
22220222


Round: 33
00000000
00100000
01101000
10111000
11111000
12211100
11202222
22220222

Valid moves for 2:
2, 6
3, 5
3, 6
4, 1
4, 5
5, 0
5, 5
6, 0
6, 1
6, 4
6, 5
7, 2

Player 2: 2, 6

After move by Player 2
00000000
00100000
01101000
10111000
11111000
12222220
11202222
22220222


Round: 34
00000000
00100000
01101000
10111000
11111000
12222220
11202222
22220222

Valid moves for 1:
0, 4
1, 3
2, 7

Player 1: 2, 7

After move by Player 1
00000000
00100000
01101000
10111000
11111000
11111111
11202222
22220222


Round: 35
00000000
00100000
01101000
10111000
11111000
11111111
11202222
22220222

Valid moves for 2:
3, 5
3, 6
3, 7
4, 1
4, 5
5, 0
5, 5
6, 0
6, 1
6, 4
7, 2

Player 2: 3, 5

After move by Player 2
00000000
00100000
01101000
10111000
11111200
11111221
11202222
22220222


Round: 36
00000000
00100000
01101000
10111000
11111200
11111221
11202222
22220222

Valid moves for 1:
0, 4
1, 3
3, 6
4, 6

Player 1: 4, 6

After move by Player 1
00000000
00100000
01101000
10111010
11111100
11111221
11202222
22220222


Round: 37
00000000
00100000
01101000
10111010
11111100
11111221
11202222
22220222

Valid moves for 2:
3, 7
4, 1
4, 5
5, 0
5, 3
5, 5
6, 0
6, 1
6, 4
7, 2

Player 2: 3, 7

After move by Player 2
00000000
00100000
01101000
10111010
11111102
11111222
11202222
22220222


Round: 38
00000000
00100000
01101000
10111010
11111102
11111222
11202222
22220222

Valid moves for 1:
0, 4
1, 3

Player 1: 1, 3

After move by Player 1
00000000
00100000
01101000
10111010
11111102
11111222
11112222
22220222


Round: 39
00000000
00100000
01101000
10111010
11111102
11111222
11112222
22220222

Valid moves for 2:
4, 1
4, 5
5, 0
5, 3
5, 5
5, 7
6, 0
6, 1
6, 4
7, 2

Player 2: 4, 1

After move by Player 2
00000000
00100000
01101000
12111010
12211102
12121222
12112222
22220222


Round: 40
00000000
00100000
01101000
12111010
12211102
12121222
12112222
22220222

Valid moves for 1:
0, 4

Player 1: 0, 4

After move by Player 1
00000000
00100000
01101000
12111010
12211102
12121222
12111222
22221222


Round: 41
00000000
00100000
01101000
12111010
12211102
12121222
12111222
22221222

Valid moves for 2:
3, 6
4, 5
5, 0
5, 3
5, 5
5, 7
6, 0
6, 1
6, 3
6, 5
7, 2

Player 2: 3, 6

After move by Player 2
00000000
00100000
01101000
12111010
12222222
12121222
12111222
22221222


Round: 42
00000000
00100000
01101000
12111010
12222222
12121222
12111222
22221222

Valid moves for 1:
4, 5
4, 7
5, 0

Player 1: 5, 0

After move by Player 1
00000000
00100000
11101000
11111010
12122222
12111222
12111222
22221222


Round: 43
00000000
00100000
11101000
11111010
12122222
12111222
12111222
22221222

Valid moves for 2:
5, 3
5, 5
5, 6
5, 7
6, 0
6, 1
6, 4
6, 5
7, 2

Player 2: 5, 3

After move by Player 2
00000000
00100000
11121000
11222010
12122222
12111222
12111222
22221222


Round: 44
00000000
00100000
11121000
11222010
12122222
12111222
12111222
22221222

Valid moves for 1:
4, 5
4, 7
5, 5
6, 3
6, 4

Player 1: 4, 5

After move by Player 1
00000000
00100000
11121000
11111110
12121222
12111222
12111222
22221222


Round: 45
00000000
00100000
11121000
11111110
12121222
12111222
12111222
22221222

Valid moves for 2:
5, 5
5, 6
5, 7
6, 0
6, 1
6, 3
6, 5
7, 1
7, 2

Player 2: 5, 5

After move by Player 2
00000000
00100000
11122200
11112220
12121222
12111222
12111222
22221222


Round: 46
00000000
00100000
11122200
11112220
12121222
12111222
12111222
22221222

Valid moves for 1:
4, 7
5, 6
5, 7
6, 3
6, 4
6, 5
6, 6

Player 1: 6, 5

After move by Player 1
00000000
00100100
11121200
11112220
12121222
12111222
12111222
22221222


Round: 47
00000000
00100100
11121200
11112220
12121222
12111222
12111222
22221222

Valid moves for 2:
6, 0
6, 1
6, 3
6, 4
7, 1
7, 2
7, 5
7, 6

Player 2: 6, 0

After move by Player 2
00000000
20100100
22121200
21212220
22121222
22111222
22111222
22221222


Round: 48
00000000
20100100
22121200
21212220
22121222
22111222
22111222
22221222

Valid moves for 1:
4, 7
5, 6
5, 7
6, 1
6, 3
6, 6

Player 1: 6, 3

After move by Player 1
00000000
20110100
22111200
21212220
22121222
22111222
22111222
22221222


Round: 49
00000000
20110100
22111200
21212220
22121222
22111222
22111222
22221222

Valid moves for 2:
6, 1
6, 4
7, 1
7, 2
7, 3
7, 4
7, 5
7, 6

Player 2: 6, 1

After move by Player 2
00000000
22110100
22211200
21222220
22122222
22111222
22111222
22221222


Round: 50
00000000
22110100
22211200
21222220
22122222
22111222
22111222
22221222

Valid moves for 1:
4, 7
5, 6
5, 7
6, 6
7, 1

Player 1: 6, 6

After move by Player 1
00000000
22110110
22211100
21221220
22112222
22111222
22111222
22221222


Round: 51
00000000
22110110
22211100
21221220
22112222
22111222
22111222
22221222

Valid moves for 2:
5, 6
6, 4
7, 1
7, 2
7, 3
7, 4
7, 5
7, 6
7, 7

Player 2: 5, 6

After move by Player 2
00000000
22110110
22222220
21221220
22112222
22111222
22111222
22221222


Round: 52
00000000
22110110
22222220
21221220
22112222
22111222
22111222
22221222

Valid moves for 1:
4, 7
5, 7
6, 4
6, 7
7, 1

Player 1: 5, 7

After move by Player 1
00000000
22110110
22222221
21221210
22112122
22111222
22111222
22221222


Round: 53
00000000
22110110
22222221
21221210
22112122
22111222
22111222
22221222

Valid moves for 2:
4, 7
6, 4
7, 1
7, 2
7, 3
7, 4
7, 5
7, 6
7, 7

Player 2: 4, 7

After move by Player 2
00000000
22110110
22222221
21221222
22112122
22111222
22111222
22221222


Round: 54
00000000
22110110
22222221
21221222
22112122
22111222
22111222
22221222

Valid moves for 1:
6, 4
6, 7
7, 1

Player 1: 7, 1

After move by Player 1
01000000
21110110
21222221
21221222
22112122
22111222
22111222
22221222


Round: 55
01000000
21110110
21222221
21221222
22112122
22111222
22111222
22221222

Valid moves for 2:
6, 4
6, 7
7, 0
7, 2
7, 3
7, 4
7, 5
7, 6
7, 7

Player 2: 6, 4

After move by Player 2
01000000
22222110
21222221
21221222
22112122
22111222
22111222
22221222


Round: 56
01000000
22222110
21222221
21221222
22112122
22111222
22111222
22221222

Valid moves for 1:
6, 7
7, 2
7, 3
7, 4

Player 1: 7, 4

After move by Player 1
01001000
22211110
21121221
21221222
22112122
22111222
22111222
22221222


Round: 57
01001000
22211110
21121221
21221222
22112122
22111222
22111222
22221222

Valid moves for 2:
6, 7
7, 2
7, 3
7, 5
7, 6
7, 7

Player 2: 6, 7

After move by Player 2
01001000
22222222
21121222
21221222
22112122
22111222
22111222
22221222


Round: 58
01001000
22222222
21121222
21221222
22112122
22111222
22111222
22221222

Valid moves for 1:
7, 0
7, 2
7, 3
7, 5
7, 6
7, 7

Player 1: 7, 6

After move by Player 1
01001010
22222122
21121222
21221222
22112122
22111222
22111222
22221222


Round: 59
01001010
22222122
21121222
21221222
22112122
22111222
22111222
22221222

Valid moves for 2:
7, 5

Player 2: 7, 5

After move by Player 2
01001210
22222222
21121222
21221222
22112122
22111222
22111222
22221222


Round: 60
01001210
22222222
21121222
21221222
22112122
22111222
22111222
22221222

Valid moves for 1:
7, 0
7, 2
7, 3
7, 7

Player 1: 7, 7

After move by Player 1
01001211
22222212
21121122
21221222
22112122
22111222
22111222
22221222


Round: 61
01001211
22222212
21121122
21221222
22112122
22111222
22111222
22221222

Valid moves for 2:
7, 3

Player 2: 7, 3

After move by Player 2
01022211
22222212
21121122
21221222
22112122
22111222
22111222
22221222


Round: 62
01022211
22222212
21121122
21221222
22112122
22111222
22111222
22221222

Valid moves for 1:
7, 0
7, 2

Player 1: 7, 0

After move by Player 1
11022211
21222212
21121122
21221222
22112122
22111222
22111222
22221222


Round: 63
11022211
21222212
21121122
21221222
22112122
22111222
22111222
22221222

Valid moves for 2:
7, 2

Player 2: 7, 2

After move by Player 2
11222211
22222212
21121122
21221222
22112122
22111222
22111222
22221222


Round: 64
11222211
22222212
21121122
21221222
22112122
22111222
22111222
22221222

Valid moves for 1:

Player 1 can't move

Round: 64
11222211
22222212
21121122
21221222
22112122
22111222
22111222
22221222

Valid moves for 2:

Player 2 can't move

Black: 21
White: 43

